464
18
403
352
46
193
314
243
213
188
53
351
241
199
381
383
261
283
458
450
82
352
230
228
140
435
241
422
48
15
389
363
32
292
214
77
336
27
171
48
214
75
251
307
274
131
189
34
413
499
336
494
350
417
73
342
203
313
115
251
327
3
113
358
146
327
286
333
205
456
233
271
31
483
77
156
465
117
189
229
467
376
222
317
292
147
10
495
311
476
97
138
330
209
347
476
387
485
160
92
292
244
214
174
78
290
329
42
406
370
270
373
245
344
41
389
342
402
383
152
377
331
141
206
39
340
33
426
324
45
369
467
288
82
141
218
223
469
259
480
338
381
204
435
76
244
323
417
497
57
420
373
387
61
431
277
400
315
54
75
359
274
41
499
355
33
68
429
2
326
409
191
58
112
477
133
208
151
401
204
207
321
429
445
381
359
74
132
25
127
58
236
401
450
234
107
483
301
36
484
478
444
26
388
407
3
20
114
153
273
318
212
93
246
8
325
456
433
456
332
412
365
67
312
314
300
270
296
452
157
131
282
452
9
169
359
363
40
472
367
312
141
430
256
238
290
80
45
222
387
377
133
251
443
296
417
95
66
64
46
74
195
179
26
55
199
384
417
239
207
135
402
348
65
158
85
354
89
130
75
476
358
60
78
300
355
494
394
272
58
292
198
104
470
223
10
21
106
278
259
164
412
12
11
476
21
448
181
110
429
108
437
286
167
366
85
373
360
331
497
269
474
194
224
295
416
233
315
373
10
73
36
421
437
399
249
457
346
429
418
126
36
206
411
202
72
347
427
283
29
423
51
2
468
126
297
383
358
111
107
219
36
494
491
472
392
239
280
89
168
50
214
203
255
476
257
326
175
183
460
203
457
362
57
424
487
353
158
196
315
264
414
350
257
405
173
1
143
453
89
162
2
155
365
108
130
473
434
304
155
245
359
111
107
415
386
93
119
43
289
433
158
202
135
266
458
307
266
101
111
355
262
112
9
478
220
490
450
5
146
456
249
4
418
355
270
303
300
388
197
88
172
354
141
306
120
99
113
385
51
75
91
164
187
451
142
258
293
443
114
438
399
362
293
316
69
414
471
368
153
167
455
324
373
447
482
492
45
94
228
447
20
171
111
206
121
104
315
265
46
428
202
296
142
346
464
210
259
286
429
411
452
383
87
324
181
68
167
78
13
247
24
32
417
134
238
389
89
404
154
487
332
207
282
473
405
97
34
163
382
462
426
186
196
12
361
376
79
380
453
91
126
477
122
42
462
211
430
51
467
435
389
298
142
22
122
46
119
7
60
352
468
337
389
163
348
250
390
278
129
195
220
254
23
194
147
484
256
428
386
222
363
274
371
356
296
344
253
266
350
164
117
317
1
6
331
348
107
73
478
235
267
197
340
289
390
338
124
146
265
10
367
127
135
90
334
282
433
86
47
283
250
16
451
102
373
282
301
479
354
278
65
472
475
256
260
216
93
235
361
357
244
80
336
231
21
21
12
453
107
59
235
208
426
186
309
298
319
461
276
24
239
192
495
65
447
106
280
391
340
493
247
436
424
434
166
444
455
177
396
413
87
483
472
12
20
132
309
338
92
436
213
330
127
207
394
425
164
26
315
3
18
414
438
293
199
455
236
153
132
483
417
70
317
388
82
336
19
242
25
111
178
237
292
156
295
186
81
458
63
247
461
80
12
250
224
211
205
311
363
188
293
132
257
462
19
190
149
390
432
26
500
461
262
291
116
57
328
48
366
390
147
178
321
158
428
396
368
484
206
83
171
351
214
279
312
84
469
312
473
252
337
472
64
99
115
31
7
294
431
224
36
77
402
356
234
329
252
454
312
309
36
334
159
101
112
470
184
432
282
157
35
118
480
450
68
446
481
426
240
411
150
275
487
51
482
72
231
85
25
42
394
412
227
52
12
190
374
48
474
7
56
8
476
387
458
396
333
290
321
424
200
322
50
38
372
31
109
102
468
134
495
213
45
221
116
409
263
489
456
236
347
11
243
175
397
52
70
81
341
242
4
392
416
53
429
287
436
38
241
255
23
87
467
419
160
82
327
422
423
134
157
269
496
399
295
245
303
216
325
495
310
181
387
225
233
315
363
20
204
103
274
226
190
240
145
349
174
323
270
96
309
278
216
304
176
11
48
330
78
373
325
387
53
211
111
137
377
474
9
81
428
282
306
469
374
302
169
47
477
290
142
285
67
357
88
95
219
488
424
297
212
100
183
264
310
146
252
39
471
260
119
398
394
276
367
267
430
35
165
406
177
306
42
243
14
481
337
85
468
261
381
179
360
415
294
22
60
46
60
382
157
30
280
402
305
498
168
234
384
184
491
60
341
32
303
355
13
139
439
480
251
171
11
463
85
304
484
497
201
395
378
210
424
9
111
228
358
131
314
94
314
304
153
155
188
307
361
200
298
151
31
48
321
41
362
257
197
345
105
397
239
335
106
162
343
69
242
53
199
407
146
12
62
150
166
249
457
378
300
106
28
331
5
348
223
367
105
419
211
61
168
302
395
273
315
90
341
408
142
391
314
287
403
376
436
420
124
244
298
424
349
325
106
354
25
328
220
481
99
282
41
266
435
436
390
250
25
83
157
166
473
323
304
375
198
91
147
173
187
444
448
35
120
53
240
144
233
311
124
331
445
17
96
379
452
485
480
476
67
489
493
392
311
148
266
360
238
264
32
276
59
480
311
31
384
402
174
116
65
150
446
9
166
393
239
469
230
219
296
296
207
288
187
369
287
305
228
376
420
259
152
479
90
314
9
474
67
34
441
131
35
239
491
200
131
230
20
360
448
315
8
6
454
46
374
240
202
101
116
122
211
119
100
153
432
460
126
498
493
418
481
380
156
471
79
287
200
99
498
499
265
5
356
219
51
81
458
252
33
425
225
244
43
176
396
326
135
373
324
480
290
304
359
298
126
289
84
326
239
433
176
4
438
32
222
340
112
31
443
145
456
168
240
350
195
487
176
330
359
351
161
500
6
19
297
131
159
232
308
398
17
484
253
454
367
326
145
478
356
439
474
163
458
213
365
153
199
40
334
409
242
494
261
99
364
409
229
22
141
389
271
157
372
23
462
238
348
458
67
56
248
41
218
206
105
82
210
304
473
395
64
66
388
324
164
103
233
245
124
225
133
395
233
4
269
46
93
469
3
159
24
102
51
93
159
156
27
368
311
351
114
374
417
1
198
432
103
282
176
79
6
160
325
90
15
93
135
107
413
489
118
436
90
20
381
101
175
407
320
485
257
434
211
25
434
260
457
389
41
484
467
398
144
143
487
158
87
473
117
500
461
86
435
402
105
315
2
280
73
322
116
182
255
326
206
40
85
14
428
477
350
246
374
493
388
212
2
475
184
118
326
496
203
260
398
160
427
399
439
351
72
406
32
326
84
90
366
20
103
145
497
304
243
222
296
130
286
150
456
469
119
281
465
174
393
214
333
171
464
123
21
36
28
405
361
463
494
78
483
448
223
331
252
465
52
399
446
337
48
402
158
167
34
474
340
278
187
24
448
150
146
469
185
25
225
398
488
218
475
470
165
197
300
416
13
203
167
459
40
214
212
49
232
97
22
423
375
60
446
322
61
443
142
246
468
366
143
455
435
469
424
100
18
75
367
30
277
33
340
168
99
403
216
330
500
89
105
374
148
402
47
61
345
189
306
312
406
300
266
341
120
41
292
137
115
158
167
243
43
358
411
493
261
478
174
260
419
278
133
418
180
179
478
24
219
135
187
477
434
304
317
54
344
460
42
310
469
208
52
11
66
314
3
326
144
177
437
414
306
69
331
337
99
309
212
170
443
398
146
229
201
314
134
396
273
175
205
93
235
109
104
152
274
458
329
269
486
265
182
144
185
13
480
135
173
192
304
467
89
301
47
142
466
180
37
90
207
94
183
293
202
138
444
327
447
272
96
285
36
277
428
72
141
407
206
313
98
362
280
39
162
326
180
480
358
68
69
64
161
103
208
214
240
151
41
39
274
488
323
309
264
250
232
405
156
437
69
106
298
348
144
312
26
175
291
383
242
211
298
403
314
5
116
405
7
8
295
280
495
117
440
111
366
171
367
374
107
435
331
257
135
474
68
160
500
358
394
241
420
43
143
85
399
111
490
405
470
284
184
465
253
475
75
470
145
293
195
251
227
25
359
361
350
426
372
349
135
117
90
55
159
84
139
57
46
480
313
16
116
348
332
368
322
258
189
466
50
384
69
276
408
427
489
110
353
360
458
339
477
399
393
487
483
384
396
380
215
208
395
330
56
226
49
377
483
90
195
32
473
263
160
232
41
148
341
245
359
299
84
335
197
328
174
31
211
69
411
426
276
305
107
183
383
8
412
217
97
106
101
69
220
260
152
112
259
493
357
117
143
440
304
339
267
477
222
330
45
132
107
172
288
213
207
22
220
118
239
168
75
339
236
146
450
240
257
208
232
113
324
374
52
127
64
171
455
137
500
351
268
106
23
408
170
81
429
242
198
19
409
124
209
497
269
158
236
25
365
467
138
41
192
41
19
107
63
474
244
62
324
363
19
198
122
41
278
51
282
327
421
190
450
130
186
70
287
273
95
4
91
84
44
134
476
62
241
39
387
336
452
211
198
471
260
172
11
390
222
144
68
494
333
18
123
371
87
262
495
33
117
86
116
160
219
92
73
311
482
460
146
433
22
196
255
133
367
117
22
440
260
90
433
445
459
408
167
397
21
161
430
489
246
397
148
317
488
72
127
469
383
125
254
404
320
8
389
186
125
410
477
384
351
261
328
161
20
494
58
40
7
487
28
252
383
27
420
223
451
47
43
333
171
296
89
342
304
477
379
428
238
355
163
89
115
343
249
487
188
306
26
194
144
406
298
379
284
217
101
234
115
143
67
137
291
7
478
94
483
356
373
220
62
387
160
29
229
409
15
269
66
40
314
62
297
111
440
433
180
392
166
146
34
84
283
324
90
260
269
424
468
493
144
29
380
303
409
460
63
423
80
481
315
394
42
111
4
333
43
35
224
61
181
257
144
315
433
86
74
53
9
393
46
4
274
277
307
182
88
221
105
168
201
419
61
242
381
416
74
276
451
297
336
483
406
331
297
190
268
222
94
277
115
139
280
240
267
438
421
355
159
377
374
359
295
434
453
28
201
378
303
3
27
490
485
432
320
133
473
88
355
66
216
321
57
347
412
175
285
332
381
443
209
254
153
355
39
457
382
240
335
36
242
361
25
79
144
345
211
116
284
65
33
499
237
89
345
148
116
481
332
496
275
392
250
428
246
288
384
480
379
70
15
121
430
40
199
425
236
261
392
371
178
425
369
414
365
65
414
480
398
245
476
172
488
77
451
233
216
335
64
95
404
431
67
186
322
117
110
57
377
2
279
54
278
499
320
142
63
85
122
460
181
449
484
168
25
434
252
92
120
316
186
24
246
252
61
419
220
170
475
97
23
105
2
300
103
173
442
165
257
415
477
437
215
312
104
91
245
208
182
365
23
368
240
120
471
300
38
43
321
364
139
344
468
492
143
70
165
436
86
273
202
414
210
416
225
165
358
470
372
40
186
246
259
425
217
81
224
106
123
44
321
113
239
288
105
234
209
121
21
147
393
223
412
454
490
137
471
200
458
194
239
143
440
349
419
8
429
142
114
52
37
434
164
128
74
120
361
134
92
233
132
485
455
44
290
297
32
260
496
341
454
86
335
245
434
253
252
362
246
217
265
134
3
281
261
428
400
473
413
344
206
45
180
12
88
469
308
471
229
155
311
34
240
145
278
173
397
381
387
142
450
151
275
304
431
388
231
183
360
143
378
65
39
57
77
478
25
236
448
105
243
258
138
482
254
267
7
2
500
245
143
449
247
270
104
30
9
334
64
368
328
441
285
219
497
213
196
373
300
496
478
42
105
467
376
359
234
234
360
233
478
355
33
224
476
136
253
484
321
168
203
500
108
487
218
104
199
266
329
499
261
306
392
365
272
267
75
357
500
435
89
477
141
473
53
116
108
157
99
280
325
301
132
432
140
349
388
190
466
216
40
226
373
432
443
144
198
17
353
50
303
441
378
443
266
430
410
225
87
360
5
263
13
136
194
152
336
433
193
154
148
233
379
372
16
173
368
65
42
220
114
344
12
492
139
277
421
48
2
359
260
358
121
272
345
167
275
32
99
319
185
99
51
416
470
66
88
337
131
129
408
96
325
420
87
463
196
360
362
49
70
121
406
191
244
102
357
370
134
307
189
318
405
91
85
227
157
173
415
139
301
323
86
125
242
173
439
289
384
301
338
453
273
95
495
369
49
351
238
182
10
426
351
266
17
436
492
25
108
259
15
260
81
100
237
174
124
27
314
359
179
3
312
452
98
306
320
146
9
57
179
18
335
29
283
203
316
127
79
275
385
445
387
317
44
475
490
20
1
155
378
180
158
41
131
255
199
302
252
207
210
282
76
396
310
210
98
478
188
28
252
72
472
138
240
368
112
81
387
465
236
116
144
393
9
126
499
207
427
250
265
488
31
340
384
192
49
333
21
237
361
273
160
332
262
400
199
226
332
437
190
67
53
185
459
413
310
457
119
88
58
383
427
440
74
310
484
474
143
4
62
3
128
222
186
390
473
385
115
304
321
156
223
225
340
181
137
1
490
107
440
399
489
366
339
62
176
174
388
170
177
449
24
305
22
209
194
494
93
160
150
266
167
372
490
358
404
479
358
245
85
297
144
74
14
334
487
41
7
374
210
183
175
85
339
196
294
384
42
238
395
191
3
61
414
345
418
169
323
127
414
407
275
57
332
289
390
319
329
248
44
391
282
218
475
121
414
268
4
455
358
251
497
360
311
262
56
81
430
378
207
195
137
482
251
468
122
492
138
302
91
34
192
373
251
167
493
16
286
348
322
143
98
170
355
261
431
262
193
213
140
399
407
128
232
10
95
205
353
85
7
444
118
198
316
220
216
160
236
354
7
409
348
457
79
54
69
361
316
261
73
307
11
332
434
95
341
380
299
193
464
305
136
81
355
303
301
422
462
388
275
321
296
475
129
226
28
197
87
195
309
11
1
319
342
286
413
182
18
212
227
481
368
214
414
74
17
66
496
478
305
122
298
452
96
426
178
476
474
116
170
282
126
23
101
468
160
13
1
177
76
79
10
296
293
275
369
309
340
216
286
496
338
436
447
285
361
124
260
335
239
282
116
217
304
68
36
463
433
388
492
8
467
1
303
259
275
24
419
466
239
204
461
428
139
259
213
352
383
324
38
473
105
5
41
408
73
76
223
5
464
214
364
430
214
167
40
340
42
458
157
280
13
117
208
4
375
272
207
109
95
244
434
200
248
474
459
320
50
181
176
365
394
40
146
459
58
37
150
99
494
306
230
358
274
289
361
1
60
67
461
155
162
394
206
410
220
164
81
269
197
109
485
442
148
130
253
205
166
402
155
11
60
384
368
333
25
81
333
84
499
294
90
161
39
147
422
258
163
354
378
359
462
362
300
461
343
52
165
360
306
171
222
365
407
90
49
431
22
382
366
20
27
308
32
417
454
453
175
116
159
404
326
120
266
126
81
460
29
97
172
186
120
393
402
26
334
451
308
355
184
173
227
62
480
110
478
286
63
152
253
73
56
79
192
173
56
124
484
84
221
155
122
340
48
23
217
233
473
24
440
156
196
166
217
28
275
195
165
189
198
417
261
105
495
305
129
50
428
113
486
500
119
107
191
166
481
407
251
454
430
190
461
478
355
30
357
481
76
21
22
273
289
134
230
284
438
358
185
366
322
22
217
441
128
408
458
461
314
208
414
96
397
226
425
103
255
133
436
330
5
457
455
293
90
184
428
380
393
113
245
215
134
313
7
114
220
464
74
386
172
339
333
420
416
257
375
171
241
310
352
245
118
158
389
207
341
317
438
86
281
182
152
266
347
158
231
66
121
156
451
144
346
283
64
262
391
438
284
131
99
135
227
216
293
468
274
485
136
212
422
416
245
73
33
91
230
264
157
203
271
459
346
117
242
261
378
484
198
161
467
296
147
45
363
291
12
137
128
147
348
401
414
92
474
299
183
55
62
191
257
332
149
103
448
242
215
177
226
413
189
44
60
188
88
423
330
452
59
457
98
258
358
364
349
183
162
383
237
75
73
346
258
74
300
58
315
14
234
392
426
275
435
338
462
375
112
291
326
22
100
275
279
309
138
479
491
151
362
79
225
286
424
483
211
223
40
378
89
125
269
366
399
56
203
212
282
314
3
107
187
454
233
465
262
223
444
104
373
157
34
98
294
458
432
357
32
323
234
120
447
2
486
346
409
40
409
190
206
411
148
392
216
381
209
329
103
152
432
327
160
466
276
305
275
207
161
158
29
394
130
328
248
467
25
8
6
433
198
63
196
197
455
411
77
163
240
31
166
23
210
177
488
485
333
114
192
494
124
72
239
253
399
338
219
275
346
76
208
395
139
403
91
93
165
20
107
404
402
124
427
111
300
266
96
132
232
139
477
355
210
68
107
461
405
177
235
250
252
294
144
390
48
87
334
213
106
292
468
7
415
394
118
214
12
213
198
95
203
174
449
412
93
407
224
498
435
311
99
186
456
95
428
4
181
261
216
138
53
183
144
467
429
113
33
292
177
230
386
379
255
186
143
348
444
366
197
378
28
295
63
484
241
490
487
421
103
54
410
7
88
54
325
368
18
209
159
195
438
396
425
45
81
67
392
24
285
88
401
164
234
316
147
475
157
485
247
111
390
157
469
478
62
146
345
79
354
356
125
144
251
50
188
184
468
431
59
252
370
312
416
103
127
414
429
135
251
28
246
140
184
214
469
97
359
166
27
65
21
4
208
123
405
247
158
372
177
217
476
46
380
243
500
6
156
281
140
406
308
237
398
343
303
366
439
13
31
317
77
403
320
136
378
224
382
35
96
410
103
423
455
482
165
307
339
172
87
331
78
246
67
327
88
221
192
378
234
75
46
162
477
366
298
206
441
31
241
388
441
195
310
247
177
474
405
15
146
343
197
75
88
264
401
27
336
444
256
421
18
302
83
347
167
232
52
107
114
144
495
54
191
156
153
367
130
57
233
127
400
430
53
339
45
453
366
232
248
121
153
118
274
235
316
292
318
367
399
431
363
245
337
53
252
489
271
381
45
355
359
296
136
411
135
32
215
352
264
463
324
416
432
98
2
247
389
319
465
139
101
327
235
437
231
487
277
353
219
174
208
78
469
343
340
455
227
55
158
490
369
482
405
300
431
258
46
171
428
10
310
28
337
396
317
419
234
445
272
453
118
331
382
439
25
221
245
251
275
403
240
143
236
496
442
166
253
339
336
180
349
497
60
37
245
228
455
478
172
78
282
142
408
163
80
433
236
324
183
362
78
275
357
313
270
150
330
23
489
166
54
337
14
113
373
110
340
179
88
364
257
221
5
16
236
436
300
471
259
483
184
189
109
40
1
378
190
331
252
178
348
306
366
213
270
90
323
462
268
262
325
376
482
181
244
69
116
43
39
226
377
75
414
485
114
267
363
303
449
466
332
148
271
197
360
393
138
34
354
406
147
30
133
481
210
376
49
325
271
440
50
147
14
464
484
127
82
198
282
30
163
113
177
286
162
388
178
151
422
383
56
68
412
41
48
121
268
449
297
38
388
346
37
253
161
20
379
242
217
12
271
379
477
299
16
490
187
193
140
108
75
48
27
486
88
427
458
207
227
254
97
114
452
133
218
112
4
448
206
72
460
328
302
436
127
318
277
313
10
416
272
437
463
150
422
402
428
232
109
154
485
57
119
436
189
336
400
44
284
105
115
95
432
416
30
410
233
306
74
95
73
197
31
36
347
304
289
126
35
397
280
372
305
250
159
493
86
58
388
221
14
2
315
298
418
196
207
2
353
133
96
425
329
478
312
27
282
101
153
168
349
284
39
154
33
198
498
470
107
386
42
121
387
356
270
156
51
328
10
255
460
457
32
141
435
343
167
216
295
171
383
144
306
274
149
191
471
146
160
429
383
202
401
122
409
170
129
312
498
138
66
309
95
97
449
29
292
468
96
86
138
330
81
444
103
229
134
425
227
145
206
109
198
106
230
107
276
359
418
125
348
335
433
442
284
234
322
75
201
269
160
190
451
241
133
53
321
118
330
47
263
35
8
312
492
89
418
119
299
187
243
147
22
28
440
305
261
114
231
313
382
242
2
184
334
487
89
155
104
418
53
218
304
60
30
147
149
299
266
299
486
8
445
359
387
237
15
499
350
245
311
83
486
165
267
320
151
355
326
106
124
378
324
279
438
205
425
438
3
190
236
340
50
33
198
436
269
212
435
470
308
97
404
146
261
22
317
411
376
142
17
351
19
192
481
308
248
406
97
250
447
185
90
348
217
139
284
337
351
70
158
10
18
61
155
279
83
471
41
310
112
409
13
483
452
493
142
199
250
91
301
49
275
242
396
343
380
31
31
82
452
188
92
470
100
98
100
182
69
492
344
32
253
208
366
204
200
8
255
302
98
55
350
224
296
245
66
27
128
96
109
79
135
52
48
234
149
499
268
69
491
111
453
243
170
318
298
369
177
52
22
126
458
371
349
105
468
414
132
95
361
92
25
495
495
73
229
495
423
496
64
265
458
368
7
127
185
157
347
214
60
221
339
18
91
188
122
410
453
105
356
314
196
381
308
190
305
388
185
227
235
100
492
192
467
350
170
3
358
369
216
418
89
55
287
31
242
408
293
194
13
148
359
60
28
167
250
184
406
286
411
141
385
254
184
351
455
354
353
313
74
421
82
14
475
368
44
216
127
336
261
139
336
120
199
215
138
300
399
43
85
161
183
321
266
367
171
220
72
375
384
497
295
465
10
121
184
53
336
311
241
449
301
76
420
499
142
57
150
40
451
86
200
134
406
317
352
76
37
275
303
272
271
449
89
280
70
272
184
257
82
276
205
383
203
476
233
345
32
235
384
483
320
436
468
226
252
171
153
140
445
455
412
67
256
500
198
325
123
233
81
205
9
138
439
211
113
23
55
497
257
291
479
77
78
298
154
181
468
306
321
264
113
232
330
368
83
27
44
205
111
476
261
119
113
51
182
78
74
88
74
182
378
404
110
307
201
263
488
168
421
308
283
385
391
112
104
325
490
147
381
100
122
142
71
235
44
252
164
469
339
237
3
69
140
112
375
192
227
362
211
499
21
493
383
411
104
486
87
445
484
468
396
105
461
466
191
4
217
354
473
408
442
327
476
81
438
350
124
16
64
334
14
84
326
248
347
281
85
433
225
68
400
473
173
360
438
363
364
7
69
